structure(list(SILLY_CODE = "heart_genotypes", IDs_Removed = list(
    heart_genotypes = c(3531, 3538, 12160, 12161, 12422, 12423, 
    15691, 15692, 17377, 17378, 20379, 20380, 20811, 20812, 32398, 
    32399, 34204, 34205, 34222, 34224, 34561, 34564, 34740, 34741, 
    35397, 35398, 38264, 38265, 40524, 40540, 40704, 40705, 40773, 
    40774, 40838, 40839, 40899, 40900, 41586, 41588, 41650, 41651, 
    41787, 41788, 42194, 42201, 42393, 42394, 42697, 42698, 44153, 
    44154, 44327, 44328, 44755, 44756, 44879, 44887, 45782, 45789
    )), is_empty = FALSE), class = c("tbl_df", "tbl", "data.frame"
), row.names = c(NA, -1L))
