structure(list(SILLY_CODE = "PGOD21", IDs_Removed = list(PGOD21 = c(232, 
244, 534, 550, 549, 572, 623, 4767, 1023, 1123, 1557, 1573, 1845, 
2143, 2315, 5610, 5616, 2731, 2755, 2857, 3049, 3141, 3201, 3244, 
3279, 3286, 3474, 3496, 3655, 4084, 4015, 4085, 4331, 4777, 4785, 
4816, 5161, 5278, 5512, 5601, 5614, 5630, 5717, 5791, 5799, 5815, 
5824, 5849, 5845, 5977, 6301, 6310, 6379, 6401, 6641, 6778, 7019, 
6943, 6988, 7017, 7068, 7121, 7130, 7356, 7396, 7399, 7520, 7548, 
7557, 7888, 8347, 8559, 8967, 9036, 9096, 9262, 9302, 9438, 9586, 
9816, 9861, 10005, 10013, 10139, 10504, 10577, 10638)), is_empty = FALSE), class = c("tbl_df", 
"tbl", "data.frame"), row.names = c(NA, -1L))
