structure(list(silly = c("PGOD21", "PGOD21", "PGOD21", "PGOD21", 
"PGOD21", "PGOD21", "PGOD21", "PGOD21", "PGOD21", "PGOD21", "PGOD21", 
"PGOD21", "PGOD21", "PGOD21", "PGOD21", "PGOD21", "PGOD21", "PGOD21", 
"PGOD21", "PGOD21", "PGOD21", "PGOD21", "PGOD21", "PGOD21", "PGOD21", 
"PGOD21", "PGOD21", "PGOD21", "PGOD21", "PGOD21", "PGOD21", "PGOD21", 
"PGOD21", "PGOD21", "PGOD21", "PGOD21", "PGOD21", "PGOD21", "PGOD21", 
"PGOD21", "PGOD21", "PGOD21", "PGOD21", "PGOD21", "PGOD21", "PGOD21", 
"PGOD21", "PGOD21", "PGOD21", "PGOD21", "PGOD21", "PGOD21", "PGOD21", 
"PGOD21", "PGOD21", "PGOD21", "PGOD21", "PGOD21", "PGOD21", "PGOD21", 
"PGOD21", "PGOD21", "PGOD21", "PGOD21", "PGOD21", "PGOD21", "PGOD21", 
"PGOD21", "PGOD21", "PGOD21", "PGOD21", "PGOD21", "PGOD21", "PGOD21", 
"PGOD21", "PGOD21", "PGOD21", "PGOD21", "PGOD21", "PGOD21", "PGOD21", 
"PGOD21", "PGOD21", "PGOD21", "PGOD21", "PGOD21", "PGOD21"), 
    ID1 = c(231, 237, 534, 546, 549, 572, 623, 794, 1020, 1123, 
    1557, 1567, 1844, 2143, 2315, 2501, 2503, 2731, 2754, 2857, 
    3048, 3141, 3201, 3244, 3278, 3282, 3473, 3496, 3654, 3902, 
    4015, 4083, 4331, 4777, 4785, 4816, 5161, 5278, 5508, 5601, 
    5608, 5630, 5717, 5787, 5799, 5814, 5824, 5838, 5845, 5976, 
    6300, 6309, 6379, 6396, 6641, 6778, 6846, 6943, 6988, 7017, 
    7068, 7121, 7129, 7356, 7395, 7399, 7520, 7548, 7557, 7888, 
    8347, 8551, 8967, 9036, 9095, 9261, 9302, 9438, 9585, 9816, 
    9861, 10005, 10013, 10139, 10504, 10577, 10638), ID2 = c(232, 
    244, 545, 550, 551, 573, 635, 4767, 1023, 1124, 1558, 1573, 
    1845, 2144, 2324, 5610, 5616, 2732, 2755, 2858, 3049, 3143, 
    3202, 3245, 3279, 3286, 3474, 3497, 3655, 4084, 4018, 4085, 
    4332, 4784, 7914, 9594, 7196, 5316, 5512, 9074, 5614, 7403, 
    5718, 5791, 7474, 5815, 7287, 5849, 9281, 5977, 6301, 6310, 
    8265, 6401, 6647, 6779, 7019, 6944, 6995, 7026, 7069, 7122, 
    7130, 7357, 7396, 7400, 7522, 7551, 7558, 7893, 8348, 8559, 
    8968, 9037, 9096, 9262, 9303, 9439, 9586, 9817, 9864, 10023, 
    10014, 10140, 10507, 10585, 10639), Missing1 = c(23L, 2L, 
    51L, 0L, 92L, 5L, 2L, 0L, 9L, 3L, 22L, 19L, 20L, 67L, 43L, 
    3L, 0L, 47L, 11L, 38L, 2L, 6L, 27L, 31L, 5L, 21L, 9L, 21L, 
    9L, 18L, 11L, 2L, 69L, 6L, 47L, 9L, 10L, 99L, 2L, 7L, 6L, 
    2L, 18L, 0L, 1L, 7L, 1L, 3L, 2L, 1L, 19L, 4L, 0L, 1L, 6L, 
    21L, 3L, 12L, 2L, 19L, 2L, 5L, 1L, 4L, 4L, 40L, 1L, 16L, 
    14L, 20L, 73L, 0L, 5L, 42L, 6L, 12L, 14L, 2L, 0L, 91L, 85L, 
    42L, 41L, 18L, 98L, 0L, 8L), Missing2 = c(67L, 47L, 47L, 
    6L, 58L, 1L, 1L, 3L, 25L, 3L, 19L, 21L, 38L, 7L, 17L, 1L, 
    6L, 33L, 29L, 1L, 47L, 2L, 21L, 11L, 6L, 38L, 36L, 4L, 16L, 
    29L, 6L, 15L, 61L, 1L, 21L, 13L, 3L, 21L, 6L, 4L, 26L, 2L, 
    6L, 7L, 4L, 57L, 0L, 14L, 16L, 2L, 23L, 8L, 0L, 5L, 4L, 3L, 
    4L, 4L, 1L, 8L, 2L, 3L, 5L, 2L, 8L, 1L, 1L, 6L, 8L, 2L, 31L, 
    1L, 2L, 29L, 27L, 15L, 14L, 1L, 1L, 79L, 47L, 19L, 41L, 11L, 
    31L, 0L, 4L), proportion = c(0.995594713656388, 1, 1, 1, 
    0.994708994708995, 1, 1, 1, 0.99250936329588, 0.993174061433447, 
    0.996282527881041, 1, 0.99604743083004, 0.995670995670996, 
    0.99203187250996, 1, 0.996575342465753, 0.995901639344262, 
    0.99250936329588, 1, 0.99601593625498, 1, 0.996168582375479, 
    1, 0.996539792387543, 1, 0.996138996138996, 1, 0.992753623188406, 
    0.996197718631179, 1, 0.99290780141844, 1, 0.996575342465753, 
    0.991735537190083, 1, 0.996515679442509, 1, 0.996551724137931, 
    0.993079584775087, 0.996296296296296, 0.993220338983051, 
    1, 0.996563573883162, 1, 0.991666666666667, 0.996632996632997, 
    0.99645390070922, 1, 1, 0.99618320610687, 0.993055555555556, 
    1, 1, 1, 0.996389891696751, 0.996575342465753, 1, 1, 1, 1, 
    1, 1, 0.993150684931507, 1, 0.992248062015504, 1, 0.996415770609319, 
    0.99644128113879, 0.996389891696751, 0.995433789954338, 1, 
    0.996563573883162, 0.991836734693878, 1, 0.996389891696751, 
    1, 1, 1, 0.994535519125683, 0.99, 0.992, 0.995850622406639, 
    0.996376811594203, 0.99492385786802, 1, 0.996527777777778
    ), `48_DWP_tray_barcode1` = c(14297, 22108, 28929, 28929, 
    28929, 16130, 28829, 14663, 28864, 16130, 14641, 22682, 22694, 
    14448, 14367, 16131, 16131, 14326, 14326, 15802, 16120, 16147, 
    16138, 14402, 16086, 16086, 16145, 16145, 16118, 14528, 22516, 
    14528, 22754, NA, NA, 22700, 16166, NA, 14403, 14461, 16131, 
    14360, 16169, 16129, 16129, 16152, 16105, 16158, 16158, 16109, 
    14400, 14400, 14420, 14324, 28909, 28773, 28830, 14362, 28846, 
    28830, 14465, 16159, 14411, 16107, 16106, 16106, 28911, 28831, 
    28831, 14265, 22631, 14579, 14338, 16169, 14414, 14405, 16080, 
    22709, 22700, 14578, 15829, 14417, 14417, 22632, 3264, 22565, 
    22673), `48_DWP_tray_position1` = c("A5", "D3", "B2", "C3", 
    "G4", "H5", "C1", "G3", "B3", "D1", "H5", "C2", "C1", "G4", 
    "E2", "C2", "A3", "A1", "G4", "B3", "C4", "D3", "D1", "F2", 
    "C2", "D2", "E1", "D5", "D2", "D4", "B4", "C3", "D1", NA, 
    NA, "vial", NA, NA, "vial", "vial", "vial", "vial", "vial", 
    "vial", "vial", "vial", "vial", "vial", "vial", "B4", "F4", 
    "H5", "F3", "D3", "D1", "A3", "C4", "B2", "C3", "C2", "B2", 
    "B5", "D5", "H5", "F1", "A2", "D3", "E2", "B5", "D5", "H4", 
    "E3", "G4", "H2", "C3", "H6", "B1", "B3", "C2", "B4", "E3", 
    "D2", "B3", "F4", "E3", "A5", "B4"), `48_DWP_tray_barcode2` = c(14297, 
    22108, 28929, 28929, 28929, 16130, 28829, NA, 28864, 16130, 
    14641, 22682, 22694, 14448, 14367, 16131, 16131, 14326, 14326, 
    15802, 16120, 16147, 16138, 14402, 16086, 16086, 16145, 16145, 
    16118, 14528, 22516, 14528, 22754, NA, 14531, 22700, 16166, 
    22465, 14403, 14461, 16131, 16106, 16169, 16129, 16129, 16152, 
    16105, 16158, 16158, 16109, 14400, 14400, 14420, 14324, 28909, 
    28773, 28830, 14362, 28846, 28830, 14465, 16159, 14411, 16107, 
    16106, 16106, 28911, 28831, 28831, 14265, 22631, 14579, 14338, 
    16169, 14414, 14405, 16080, 22709, 22700, 14578, 15829, 14417, 
    14417, 22632, 3264, 22565, 22673), `48_DWP_tray_position2` = c("A5", 
    "E4", "A3", "B5", "G5", "H5", "B2", NA, "B4", "D1", "H5", 
    "D5", "C1", "G4", "F4", "vial", "vial", "A1", "G4", "B3", 
    "C4", "E3", "D1", "G2", "C2", "B3", "E1", "D5", "D2", "D3", 
    "F4", "D3", "D1", NA, "B4", "D4", "A3", NA, "vial", "H3", 
    "vial", "E3", "vial", "vial", "D2", "vial", "F4", "vial", 
    "F5", "B4", "F4", "H5", "D2", "D4", "B2", "A3", "C2", "B2", 
    "C4", "B3", "B2", "B5", "D5", "H5", "F1", "A2", "D3", "B3", 
    "B5", "F5", "H4", "E4", "G4", "H2", "C3", "H6", "B1", "B3", 
    "D2", "B4", "H3", "E4", "B3", "F4", "F3", "A6", "B4"), ID1_status = c("DWP", 
    "DWP", "DWP", "DWP", "DWP", "DWP", "DWP", "DWP", "DWP", "DWP", 
    "DWP", "DWP", "DWP", "DWP", "DWP", "DWP", "DWP", "DWP", "DWP", 
    "DWP", "DWP", "DWP", "DWP", "DWP", "DWP", "DWP", "DWP", "DWP", 
    "DWP", "DWP", "DWP", "DWP", "DWP", "vial", "vial", "vial", 
    "vial", "vial", "vial", "vial", "vial", "vial", "vial", "vial", 
    "vial", "vial", "vial", "vial", "vial", "DWP", "DWP", "DWP", 
    "DWP", "DWP", "DWP", "DWP", "DWP", "DWP", "DWP", "DWP", "DWP", 
    "DWP", "DWP", "DWP", "DWP", "DWP", "DWP", "DWP", "DWP", "DWP", 
    "DWP", "DWP", "DWP", "DWP", "DWP", "DWP", "DWP", "DWP", "DWP", 
    "DWP", "DWP", "DWP", "DWP", "DWP", "DWP", "DWP", "DWP"), 
    ID2_status = c("DWP", "DWP", "DWP", "DWP", "DWP", "DWP", 
    "DWP", "vial", "DWP", "DWP", "DWP", "DWP", "DWP", "DWP", 
    "DWP", "vial", "vial", "DWP", "DWP", "DWP", "DWP", "DWP", 
    "DWP", "DWP", "DWP", "DWP", "DWP", "DWP", "DWP", "DWP", "DWP", 
    "DWP", "DWP", "vial", "DWP", "DWP", "DWP", "vial", "vial", 
    "DWP", "vial", "DWP", "vial", "vial", "DWP", "vial", "DWP", 
    "vial", "DWP", "DWP", "DWP", "DWP", "DWP", "DWP", "DWP", 
    "DWP", "DWP", "DWP", "DWP", "DWP", "DWP", "DWP", "DWP", "DWP", 
    "DWP", "DWP", "DWP", "DWP", "DWP", "DWP", "DWP", "DWP", "DWP", 
    "DWP", "DWP", "DWP", "DWP", "DWP", "DWP", "DWP", "DWP", "DWP", 
    "DWP", "DWP", "DWP", "DWP", "DWP"),