structure(list(SILLY_CODE = "PGOD21", IDs_Removed = list(PGOD21 = c(1, 
6, 8, 11, 12, 17, 89, 90, 92, 93, 123, 183, 190, 201, 202, 208, 
210, 246, 252, 259, 284, 287, 298, 302, 316, 358, 361, 364, 366, 
381, 382, 390, 392, 407, 417, 425, 426, 427, 433, 465, 468, 476, 
482, 490, 532, 539, 547, 586, 587, 589, 604, 683, 684, 692, 708, 
728, 738, 740, 746, 764, 766, 767, 769, 770, 771, 772, 773, 779, 
799, 805, 835, 840, 842, 844, 858, 865, 877, 897, 925, 936, 969, 
976, 1042, 1052, 1073, 1082, 1100, 1104, 1109, 1110, 1115, 1118, 
1132, 1140, 1141, 1145, 1194, 1289, 1292, 1299, 1300, 1310, 1317, 
1352, 1354, 1355, 1367, 1405, 1412, 1414, 1416, 1424, 1467, 1468, 
1474, 1479, 1480, 1481, 1485, 1488, 1502, 1556, 1592, 1595, 1610, 
1611, 1618, 1619, 1622, 1624, 1625, 1637, 1669, 1680, 1766, 1777, 
1791, 1801, 1804, 1823, 1847, 1878, 1904, 1909, 1917, 1921, 1928, 
1931, 1933, 1941, 1960, 1971, 1976, 1977, 1978, 1981, 1983, 1985, 
1990, 2008, 2012, 2020, 2021, 2026, 2035, 2042, 2044, 2048, 2051, 
2060, 2070, 2075, 2083, 2090, 2118, 2136, 2137, 2145, 2154, 2155, 
2161, 2182, 2185, 2212, 2214, 2217, 2239, 2253, 2281, 2282, 2326, 
2358, 2360, 2414, 2415, 2420, 2422, 2423, 2460, 2463, 2488, 2491, 
2581, 2584, 2623, 2630, 2640, 2642, 2654, 2658, 2663, 2665, 2668, 
2670, 2673, 2674, 2675, 2705, 2707, 2742, 2761, 2770, 2771, 2786, 
2795, 2800, 2807, 2814, 2825, 2826, 2827, 2836, 2839, 2842, 2844, 
2846, 2847, 2848, 2868, 2878, 2879, 2886, 2896, 2908, 2912, 2973, 
2974, 2976, 2977, 2986, 2998, 3010, 3020, 3023, 3028, 3030, 3109, 
3133, 3137, 3152, 3190, 3193, 3212, 3214, 3261, 3270, 3385, 3394, 
3404, 3406, 3415, 3429, 3436, 3443, 3480, 3501, 3516, 3518, 3519, 
3522, 3525, 3528, 3535, 3537, 3538, 3542, 3544, 3546, 3548, 3566, 
3575, 3577, 3581, 3586, 3588, 3597, 3598, 3603, 3605, 3607, 3609, 
3624, 3627, 3632, 3640, 3644, 3748, 3749, 3750, 3751, 3752, 3805, 
3816, 3854, 3858, 3865, 3866, 3894, 3919, 3925, 3927, 3941, 3958, 
3959, 3963, 3964, 3974, 3980, 3986, 3987, 3996, 3999, 4028, 4063, 
4086, 4087, 4127, 4143, 4150, 4162, 4165, 4169, 4174, 4175, 4176, 
4178, 4278, 4279, 4297, 4322, 4360, 4364, 4370, 4373, 4377, 4441, 
4454, 4458, 4460, 4463, 4478, 4482, 4485, 4486, 4501, 4519, 4522, 
4550, 4554, 4564, 4582, 4593, 4649, 4652, 4660, 4661, 4663, 4665, 
4679, 4690, 4713, 4737, 4738, 4742, 4747, 4755, 4758, 4763, 4771, 
4775, 4779, 4781, 4837, 4853, 4857, 4889, 4939, 4988, 4996, 5025, 
5029, 5031, 5046, 5047, 5056, 5070, 5071, 5113, 5128, 5134, 5139, 
5142, 5155, 5198, 5211, 5232, 5284, 5311, 5320, 5331, 5347, 5353, 
5358, 5368, 5379, 5389, 5395, 5397, 5398, 5436, 5453, 5460, 5462, 
5484, 5536, 5607, 5639, 5754, 5871, 5899, 5901, 5906, 5955, 5959, 
5987, 6006, 6011, 6039, 6056, 6171, 6174, 6177, 6180, 6189, 6242, 
6245, 6250, 6256, 6257, 6313, 6322, 6332, 6339, 6365, 6395, 6421, 
6435, 6499, 6517, 6520, 6529, 6550, 6589, 6653, 6663, 6671, 6715, 
6719, 6727, 6751, 6755, 6767, 6842, 6867, 6881, 6894, 7046, 7062, 
7145, 7146, 7150, 7151, 7152, 7184, 7216, 7422, 7428, 7429, 7467, 
7508, 7559, 7585, 7589, 7602, 7608, 7633, 7654, 7655, 7666, 7670, 
7672, 7677, 7680, 7681, 7684, 7687, 7688, 7690, 7716, 7724, 7735, 
7736, 7737, 7740, 7741, 7767, 7812, 7818, 7822, 7824, 7841, 7851, 
7866, 7874, 7953, 7999, 8021, 8024, 8039, 8041, 8043, 8048, 8052, 
8181, 8186, 8187, 8199, 8212, 8229, 8237, 8238, 8280, 8294, 8316, 
8323, 8325, 8343, 8350, 8354, 8357, 8360, 8387, 8389, 8390, 8393, 
8400, 8413, 8414, 8451, 8506, 8523, 8524, 8536, 8569, 8618, 8661, 
8663, 8667, 8668, 8683, 8691, 8692, 8697, 8701, 8707, 8711, 8712, 
8724, 8726, 8827, 8868, 8887, 8889, 9047, 9068, 9072, 9073, 9142, 
9155, 9177, 9265, 9308, 9318, 9344, 9369, 9426, 9435, 9449, 9458, 
9509, 9513, 9517, 9539, 9543, 9596, 9605, 9612, 9617, 9619, 9643, 
9650, 9667, 9671, 9675, 9676, 9681, 9682, 9715, 9724, 9728, 9735, 
9736, 9738, 9740, 9746, 9748, 9783, 9808, 9827, 9829, 9837, 9839, 
9841, 9844, 9848, 9853, 9868, 9871, 9876, 9954, 9977, 9991, 9998, 
10012, 10032, 10036, 10046, 10052, 10057, 10070, 10071, 10074, 
10076, 10080, 10084, 10085, 10089, 10091, 10102, 10104, 10109, 
10128, 10129, 10133, 10134, 10138, 10166, 10171, 10176, 10183, 
10185, 10190, 10191, 10192, 10194, 10195, 10196, 10202, 10208, 
10210, 10213, 10216, 10224, 10230, 10233, 10237, 10238, 10240, 
10241, 10242, 10244, 10246, 10251, 10252, 10253, 10256, 10257, 
10258, 10259, 10260, 10266, 10272, 10274, 10275, 10282, 10285, 
10286, 10288, 10289, 10291, 10292, 10293, 10294, 10295, 10298, 
10300, 10303, 10311, 10318, 10319, 10325, 10329, 10330, 10331, 
10332, 10333, 10336, 10344, 10347, 10350, 10355, 10367, 10371, 
10375, 10379, 10381, 10386, 10387, 10389, 10391, 10392, 10393, 
10406, 10407, 10413, 10417, 10419, 10422, 10424, 10448, 10453, 
10486, 10492, 10493, 10497, 10498, 10502, 10512, 10517, 10521, 
10525, 10539, 10545, 10553, 10574, 10576, 10602, 10617, 10635, 
10660, 10677, 10686, 10732, 10740, 10760)), is_empty = FALSE), class = c("tbl_df", 
"tbl", "data.frame"), row.names = c(NA, -1L))
