structure(list(SILLY_CODE = "PGOD21", IDs_Removed = list(PGOD21 = c(5, 
65, 106, 187, 188, 192, 195, 196, 197, 198, 199, 200, 222, 223, 
270, 281, 283, 290, 291, 292, 293, 294, 296, 297, 350, 362, 363, 
367, 370, 372, 373, 374, 376, 377, 378, 380, 386, 387, 388, 391, 
421, 434, 439, 440, 487, 575, 581, 582, 592, 593, 601, 605, 606, 
667, 670, 671, 672, 673, 674, 675, 676, 753, 756, 757, 759, 760, 
762, 768, 845, 847, 849, 850, 851, 852, 854, 855, 856, 857, 859, 
860, 862, 863, 864, 867, 878, 913, 941, 943, 944, 945, 946, 947, 
948, 949, 950, 951, 953, 956, 957, 959, 961, 1046, 1047, 1048, 
1095, 1134, 1331, 1406, 1421, 1470, 1576, 1596, 1616, 1751, 1752, 
1763, 1764, 1767, 1774, 1803, 1860, 1861, 1863, 1903, 1968, 1969, 
1996, 2040, 2045, 2046, 2049, 2052, 2054, 2057, 2088, 2119, 2121, 
2126, 2128, 2134, 2142, 2157, 2159, 2162, 2166, 2183, 2283, 2392, 
2445, 2451, 2573, 2580, 2631, 2633, 2643, 2649, 2659, 2667, 2722, 
2741, 2745, 2759, 2763, 2764, 2776, 2787, 2818, 2865, 2901, 2904, 
2906, 2994, 3008, 3094, 3126, 3187, 3188, 3189, 3192, 3194, 3232, 
3233, 3234, 3235, 3237, 3239, 3240, 3241, 3255, 3378, 3391, 3416, 
3417, 3420, 3442, 3540, 3545, 3565, 3582, 3625, 3635, 3642, 3708, 
3746, 3753, 3856, 3913, 3914, 3917, 3918, 3943, 4055, 4139, 4158, 
4161, 4171, 4280, 4283, 4357, 4362, 4363, 4365, 4366, 4376, 4379, 
4389, 4434, 4459, 4462, 4469, 4470, 4472, 4473, 4474, 4475, 4476, 
4477, 4565, 4566, 4570, 4571, 4574, 4585, 4587, 4646, 4648, 4650, 
4651, 4653, 4655, 4659, 4662, 4673, 4748, 4749, 4750, 4754, 4756, 
4757, 4759, 4760, 4761, 4762, 4764, 4765, 4782, 4783, 4808, 4936, 
4943, 4947, 4948, 4950, 4952, 4997, 5000, 5026, 5028, 5032, 5035, 
5038, 5040, 5041, 5043, 5044, 5045, 5114, 5120, 5123, 5124, 5129, 
5131, 5140, 5217, 5218, 5223, 5224, 5225, 5226, 5229, 5230, 5233, 
5234, 5235, 5236, 5276, 5281, 5307, 5314, 5315, 5317, 5319, 5325, 
5326, 5327, 5328, 5330, 5332, 5362, 5385, 5405, 5408, 5410, 5414, 
5415, 5447, 5464, 5466, 5469, 5472, 5507, 5598, 5796, 5808, 5844, 
5868, 5869, 6010, 6017, 6019, 6311, 6312, 6338, 6340, 6390, 6552, 
6860, 6923, 7053, 7054, 7143, 7144, 7147, 7636, 7637, 7638, 7640, 
7641, 7642, 7652, 7676, 7728, 7769, 7852, 7862, 7906, 7951, 7994, 
7995, 7997, 7998, 8000, 8008, 8009, 8013, 8019, 8020, 8023, 8025, 
8026, 8042, 8046, 8047, 8050, 8051, 8054, 8055, 8056, 8057, 8058, 
8059, 8060, 8190, 8200, 8308, 8312, 8314, 8322, 8351, 8386, 8509, 
8514, 8578, 8638, 8660, 8669, 8684, 8688, 8689, 8690, 8696, 8699, 
8700, 8702, 8703, 8710, 8779, 8785, 8803, 8947, 8984, 9052, 9148, 
9278, 9386, 9422, 9459, 9474, 9492, 9506, 9518, 9519, 9521, 9522, 
9525, 9554, 9581, 9597, 9604, 9607, 9609, 9614, 9616, 9623, 9624, 
9691, 9730, 9732, 9737, 9744, 9753, 9780, 9782, 9830, 9854, 9856, 
9857, 9858, 9859, 9862, 9865, 9867, 9875, 9877, 9878, 9879, 9880, 
10030, 10039, 10077, 10127, 10151, 10156, 10157, 10158, 10160, 
10161, 10162, 10164, 10218, 10228, 10234, 10235, 10248, 10250, 
10254, 10255, 10276, 10301, 10312, 10313, 10314, 10322, 10326, 
10349, 10388, 10438, 10461, 10475, 10490, 10499, 10500, 10501, 
10506, 10508, 10510, 10511, 10513, 10514, 10515, 10620, 10631, 
10634, 10640, 10709, 10737, 10747, 10751, 10752, 10753, 10755, 
10786)), is_empty = FALSE), class = c("tbl_df", "tbl", "data.frame"
), row.names = c(NA, -1L))
